11111111011111111111
11010011010010001001
00000011100111100000
10111011111111001111
10110011000111110010
11000010100001010001
11100011010001001100
00101011011101000111
00111011111001000000
00111111100011000100
11001011001011100000
01000101110100101111
01101100111010000100
01110111000000001111
00010011011100000000
00000001001111001111
11011010101001100011
01001000000100110100
10100011101100011010
00000110010011101101
11100111000100111100
11100000001101000000
10100010010000011110
00010000000111010111
01010011110011010110
01110010111101011001
10110011101010110010
10011101001100110000
10000010101111001010
01101100110110010000
00000010110000110101
00001101100000111001
00111000110000010110
10011011011110000100
00111011110010011001
11001000010010011100
10001100011000100011
11100010100001111001
00110011001110011111
00110111110000001011
11011000100101100000
01001001000111101110
00010100011011001101
11001000110111000000
11001110000010000000
01100000101100011101
01110000001001111100
11101000011010101011
00000010011100100100
00101000101001101000
10001101110001111011
00101110101110110110
10110000100111110001
00000000001000111000
00101111011010100010
01010011110100000001
10100001011001110001
00001001100100000111
00100010001010101101
10100111000011010101
10110010100000010110
11001011100001001111
10111101010000011110
00001010000001000101
11100000000000111001
01101010101110010110
11001111000111101100
01011101000111011001
11110111111101011001
00111011110011111001
10001111001100110100
00111001111100100001
00000010011010100000
11011001110110110110
11110010111010110000
11111101001110011101
00000101000001101101
11101101110000010001
01001100110110111100
10010100100010111101
00111100111111001111
10011011010100110001
01101101001100101110
10111111010001010110
00001011100010001011
01011011110111110111
11101011000001011000
11001011001100101111
01100011011101010110
11010110010110110011
11001000001011001011
11001101001111000111
11001011110111000111
11011111111011111001
01010010000111111100
00111011000100001100
00000000000111101011
01110101011000001111
00000100110000110001
11010110101010100000
00101001011001101100
10000001011101001110
10011011111001100011
01000001111011011001
10110000101010110100
00010011111011011101
01110000001001110100
00010110001000100101
10110010101010010000
10000100110110100000
01011011110111010101
01111101110000010110
01110100111100101100
01111011111100010101
11110010010011101111
01010101000110111001
11010111010111100000
01101000101000010110
00101101111011110111
10010101111100101111
11111111110011111110
11001000100000000110
10000101110010110000
00010100011010010001
10110000100000100110
00111110110101101101
00100110110011100010
11110011001110010001
10111111110010001000
11010000110001100000
11010100111111010110
11001101111000011010
01010110100111011111
11011000100110000001
01001011011100100100
10010001111110010010
01011011110000001010
00000111001000101011
11010101110111000000
00111101101101000000
01101100001101001010
00001000010010010111
01011100010110110001
00001011100011110111
11101011110011011001
11101010100000000001
10011110000000010001
10111111111010001011
00000101111011111110
01100001000110100101
01010001110001111100
00111000001010101100
11011110000000000111
10010000000101000000
01001000111000001111
10000000011101110100
11100010100011100000
00011011001011110111
10000110011000100110
10111110100000001001
01100001111100110110
00000000000101111011
01010101001001110110
00000011010101011010
01111000001011111010
10101101000001001100
10111111111000000000
00111110100101111010
10111010101011110000
01010101001001100000
00111001011110111100
10100100111111110111
01000111100000001001
00001101110100111010
11000100111110111000
10111100011011010100
10111100000000111001
11001100110010101011
10011001001100010111
10111010100111101001
11001100101101000100
00000000000011000000
00100110000001101011
11001100010000001101
11001101100001111100
00011001011100100101
10001100000100011001
10101101111001110111
10111110101111110011
11010101001011101011
01110000010011010100
10011011110111100111
01110011011111011010
01110110101010010010
11001001101001101001
10100101011101010100
10111111100100010110
10011100110010111011
10011110101000000001
00000001111011010100
10101101000010101100
00000010100100111011
10001111010000011110
00000110010000000000
10010001100010001101
10110001111100110111
11100010110000001110
10100101111010000000
00000110100010101011
01011000110010111100
00110000111011001101
10111110011111011010
00001100001011000101
10101011011101011100
01110011010100010110
00111010001010010111
10110110101111011010
01011111000110111001
00100100001110001011
11100111000100011101
01011000010000011000
01110001101001011101
01000000101100010111
10001001111011010000
01111011011101001001
11000001010111010001
10000101001010110100
10000001000011010001
10110110110111111011
01110011100101011110
01101110001001100011
01101011011001011101
01110011000000101101
00000111001000100101
00000010110100000101
00100001110111101110
01111000111101000000
10110110011011111001
11111011111001101100
00000001011101100110
01010110001001100000
01101001110001100011
11111011011001100000
11001001011110100100
10000101000001000010
01111101011110101011
11001000000000111100
00111001001011010010
11100000110100100010
01001001111011000110
01011110010010011100
00001101100010110000
00000000000100111101
10011111010011111110
00111001100111110101
10011101010011111010
00100011110100101101
00101011111110110010
11101101110101010101
10011000100101001011
00100100111011000111
00111100011000001010
10000110011110010111
10111011010011110110
01000100010001001011
01011000001101000011
01110110111101111100
01111000010111110010
10110111001110100010
11110001110000000010
11011010111001101101
01010010011010101110
00111011011010000011
10110000100111111100
10111000011000010101
10011001111101010011
01010001011100101010
10100101111000011000
01100010101110100000
00100000001000011100
01011100110110101011
10000011110111100000
10111111010000010010
00110011010100111011
00010110001101001111
11100011100100101001
11001011010001101011
01110010110101010011
01001101000011111100
00000101111110111010
01100010001010100000
00000001111110001001
00000000111000011101
11001100110001000000
01101111100001111100
01110100110110101001
10111111101000010100
11101000010000011010
01101011011101011010
11101011100111100111
01000000101010010011
00010111100000010110
10111000100000000010
01000011110101100000
11000000111100100010
11100100111101001111
00110011000001110111
10110011101100110101
11100001100011110000
10010101101110010010
00011101110000010010
10001010000100111110
01100000001010110011
11100101100010000110
00111011000010011000
01000101111111101101
00001111101100001111
00000111010010011000
10011111010011100101
10110000010101001001
01011110101100110010
01110000010111001011
01011110001111101010
10111010111110110111
00001011000001111100
01110101110000100000
11110110110101000111
01111110011001100000
01010010110111110110
10111010100110111001
10001001110000001110
01001000010101000000
11011011110010111100
11100011001111010100
11101011001101001110
01001010001011110010
11110001101101000111
10110001100001101111
10111001010010000000
00011110101101001110
11010111011110010001
00111110000001010010
01101111101101000010
00100011100100011010
10111001001000100111
10000011100010111001
10000110111011111011
00001011000101100000
11100000111101000000
10101101110011100100
00100001011011010111
00000110111010001101
00010011110100000000
11011001111011111011
00101000110111011001
11001000001100100000
01101011010000001100
00000001011111011001
00111110100000010100
10011011110100010011
01010100001110000010
11110101110101001110
01011011111011011000
10111000000000001110
10100111011000001001
11100000001011000000
01100100001010101110
01100101101110111011
00111011110101000000
10011011110000000010
10110111000000111101
01010110000100010010
00111000111010110011
00001100000111001001
01100110000110110001
01011011010000000101
00000110011000101110
00100100110010110011
11010101011001111010
10110111100010100101
01101011100100111000
00101011010111100101
10001110111001010010
01011000000111001101
01110000111000001110
10110001111011010101
00010010110000001001
00001110101111111110
01010101101100100010
01011110100001111100
10101100001010011100
00111000101110010011
11011100111111010100
00001111000100100000
01001001101010001111
01100010100101011001
01101110101011010011
11100011110101000000
00100010100000011000
10111110101011000111
01101100000111110000
10001001000000001110
11111000011010011110
00001100001010001111
00000111010111010010
10010111010001111111
01110010010011111100
00000000001101100000
00001111011101101010
11110110100110011011
00110000111010101011
11101000000010000010
10000110110001101011
11011001110011100010
10011100111111000001
01010011010100001100
11010011011110100110
10111110110111110111
01011000011100101011
10110101001010110111
01010000110100000000
10000111111111111001
11000111100000111010
01100101101100000010
00111001100111100000
10111000110110000100
11000110111011000000
11110101110011110111
01101010100000010111
11001110000001001111
00000111100101100111
01111010111100111110
11001001001110001011
11101110010000111001
11101000100110001011
00111101100101100111
01011110001000001011
11010110100100101101
00000100111100110111
01010010100111000100
10010011001000111100
00111101000011010100
11000101000010001111
11000110001101111010
01100110001011100000
11111110101100111101
11001000001001110110
00111010000111011000
11100010011001101011
01100101100111010110
10111000011111000100
11111111100101101110
00010000001101100100
01110101101001101000
11100101000100010101
01001010011101011101
01010011011000110111
10000101000111100000
00111011110010110111
11100011000111000000
00000001101100000101
00001000001010011101
10111011000101100000
01010000100100011110
10011010111001100110
11101001000010001101
11101111001000010110
10101000000110111100
00010101100000011001
00000000000111000110
10111101111100101101
00111110101110111000
00010111000001010110
01101111100111010001
00001001111011100011
11101000010111101011
01100100001100101110
00100011111101100011
11101000110111010111
10111000001010010110
00101000101111000011
11011000101001101110
01010100111111111101
00000101000111000010
01110100111110010011
00000011010000100101
00000001010101101000
00111101000001110001
00111111101000110111
01111111101101011010
10011110000101000000
11001010100001111101
00101100110011100100
00000110110000100101
11010100011111000100
01111000000001101101
11100101100110111011
00111010110110010101
10100111111001001101
10111000110011101011
00101001111010111001
01011101111110011100
01101011110011110011
10010101101100101111
11001101001000011000
11100111010000110010
01110011001001010110
11100001100110010110
10101010111011101011
01111110000000101101
10101111011110000010
01101011111101010000
11011110100000010111
10010001000010001011
11100011011101010110
00010110001001000111
11101000001100101010
11010001110111001100
00110011000110000100
11011011001110110011
10011001001110111111
01101110110111101010
11110101111101000010
00000110110010000001
01111010101100111110
00110101110001111110
11100011001000010110
01111101100001110111
11001001000111010100
01111110100110001100
00101101110110011001
11001010010110001001
01011101000011000001
01110111011101001100
00111010110011000001
11001011011110110110
10110011010110101101
11100011111101010101
10101011010110100000
10110101001111111010
01010110101001010111
00011000111110001001
11101010111000110111
10101100010110101110
01101001101110011110
00000000011101000010
01101101100010011110
11100110111001101011
00000111011011011000
00000101010000011110
11100000001011101101
11001111011111011101
11000011010011000010
01011011001000101110
11011101100111001000
01111010111001111001
11011000001001111001
11101100101111000010
01010100000111110110
10111000100111010101
10101110110010110111
11110110111011100110
00000011011101010101
11000000100101011110
01000101010100111001
10100011101111100000
01111010100111111011
11001100100100111110
00111011011100100000
00010010111011101101
00000101000111010101
01011100100100101100
11010110000100010111
01011110011111101111
11001101111001111011
01010100010000000010
10101110100001000101
00000010100011111000
01000111010100011111
01010110001010011101
11101010100110101111
10011000010110111011
10110111001111010100
00100011010010010110
00000001001111010100
01001101001110001111
01101110010000101100
10110110111101010110
10001101111011101011
11000110101000110001
11100110011101011001
01110111011011111110
10010010010001111010
11001010100000010101
00011011110000011110
11101011110000000011
01111101100011111000
00000100011010100101
11110000101101001001
11101000000000000000
11010110110010011010
10111111001110100111
11000000001111011101
11110000000110101111
01101001100001001000
01111110100000011100
00000101001101100000
00101110101111000100
00000000001010100111
10011101000010011010
11011101111111100111
11001001110110001100
11001100110111000101
11011100011110011110
00100011110100011011
11101001011100101101
10011000110111111101
11001010101100010001
11100011100111111110
00010111001010100000
11010100011110101110
00000011011010100010
11001111011111111010
10011000111101101011
01100110000011110111
10111001100001101101
00000111100111010100
00011101000000011110
00000010100000001111
10110100010110111110
00000010010111000110
00101110011010110010
11110110010000011000
11001000111010110100
11001010110001010101
00001011000111100011
10001100000000011001
00010110100101000100
00000011111001000001
10011001000001001101
00100101111011110011
00111011111110110010
10110010110100111110
11001001001111100001
01110101010111101101
10011000000111010111
00010011101000100000
00100001100101100000
00001100110101110010
01001001110111001010
01100111100000011110
00000110011011101010
11010010101010111010
00100101100000000101
00000110000000101000
10110000101110010111
11010010101001100000
11111010110100101110
01010000111000101101
11100101100111101000
11100011010011100100
00111000100001110000
00010011010010000001
10010000000011100001
00000000100000100001
00001101010001100011
00111011011001111001
10110110100111101001
10101110010000100001
10011001000111110011
10101110011101000001
00111000100111000101
10101011111101001110
11001001010001110111
00111110110110100000
00000000001110000101
10111011110010111101
11010011010111101010
00001100110001111111
00000101100111011000
00101000000000011010
00100101001101000111
01110001100100001011
00010000001111000010
10111001111011001110
01111001111111010110
11010011110110111011
11100101100100101101
01100011110001001100
11110000101110100011
10111111000110011110
11011000101001100000
10110111000000000000
11110110010000011001
11011111000001100100
11101000011010001011
01111111000111000000
00101000101001100000
10001101000000010101
10100011111011011110
10111110101010010101
00000101111011011100
11110010001011111110
01110101110011110011
00000010111011011100
10111100001110111001
11100000110101111101
10111110000110100000
00101000001001101101
10001101110001010111
10010110101100001111
10111101101011011011
10111011111111110011
01111001100101110010
01101000101010111100
00000101110111100010
11101100111010010101
01011111101110011001
11010000110110101010
10101011010011111100
10001010000100110010
01100000100000000000
00100000000000000000
11101011011101001000
00111111010011001010
10101010111111100000
01110101111010101101
00011000001110000001
10100001101101000000
11110111101011100000
11010001101010101101
11001000101100001001
01111000000111010001
00000111100111100111
00010111011010001000
10110011111001100110
00000001000011100000
10101110100111100000
11110010101100101110
00000010110011101110
10001001001110110110
01100000001110101100
10100000100111110001
10010011100001011100
11100011010100011010
11110110000110110110
01110110111010110000
00010101010011111111
00000011101011110001
01110110011101100100
11001101101101001111
10000111100000111010
00111111100111110011
00111100111001011010
11010100011111001100
10001111000010001101
10010111001101000100
01101010010001010101
10100010111000111100
00111100011001110111
10001111100110101001
00010001101001110111
10111111010101111111
11100101001010100111
10111100110000001110
00010001011010110110
00000000000100011001
01011000000011000101
00111110101110111011
10100111111101010101
00011110010101100000
01010101000101111101
00011111011101001111
11010000000100000111
01101110000111000111
00011100011001111000
10000011001100101101
01011010010000100010
10110101000110010011
01110110111101100000
10010111001111111110
11010001100110110110
00110001100000000000
00000111001010110011
11001000001100110110
11100010100010110110
10111001011101010101
01011101110000001000
10101000010001111001
10001000001100111100
01011100110010011010
01011110111101010011
01101010010011101111
01011101110000101010
10010101110010101111
10001110100011111000
10110100110111111110
00001001011101000000
10110000110100110110
10111100010011010111
10110110001111010111
11101010000111100000
10001011110011110100
01010001111010000011
11001000001110100100
01100001001101100111
10010101111011101101
11110101111101110010
11001000010000001010
10001110011101011100
01011000000101010110
01001001001010011111
10111100111011101101
00000000000000001111
00100101110001011101
11100111000011011101
00111101011111101101
00101010000011110111
11000000100011101101
00101111010001100111
10101000000000010001
01011101001101001001
00010001100111111101
00111011110111011001
10110001010010011100
01100000111110111100
01001101001011100000
11001010111001101010
01100010110011111100
01100111001010010000
11001100111001111101
01000111100100010110
11001100110000001100
01111110000011100001
01000000011101001100
01011111111001010110
11100000001101000001
01100111111000110001
01111100110000011001
11101010101000111001
00001010011000111000
11001010010111101101
00011110010011110001
11010110100001101010
11100110100001010110
01101100010000000101
11110101001001111111
10011101000110111010
10100011011101001101
10011111101100010110
11100100000100001101
10010100011010010010
11110011011010110100
10101010010101100111
10110111101111010110
10001101110000010011
11101111011010101010
00110101011000001110
10100010110100000011
01110010110101110100
10100110110111101000
01000101110010100000
10110001101101010100
00011000011011111100
01011000110000110110
00101011100011101011
10011111001001010110
00000000111000101110
11010011110001001010
01101101010000000111
10111000001010010001
00101111010000011101
10011111100100110100
01010100011110111010
10111111110110010000
11001100111100001101
01101110011011111010
00110000111110001001
10010011110011100000
10010010100110000001
00000001110000001101
00000000001011011111
11110000101110010100
11010111101100111010
10111110100010001100
00111111100101111111
11010110000110000000
01111111111000011100
11001000000111000011
10111101111010000100
10010000000010100000
00101000101100111100
10110001100110100001
10001100100100100010
01010101011010000001
01111011110110100000
10111100010010010011
11001101001100000110
01001001111111001010
11001011010100110101
10110010011011101011
10111011111001110110
01111111101011001111
01010111000001111110
11111101010010000001
01010001000000010111
00111101011010101010
00000110110111110111
11110010110110111010
11010000101010101111
00000001110001010111
11111100001010001010
00000011011010110011
01100100110110011110
00100000001011110001
01111010110000100010
00010111101000110110
01011110000010010101
01000000001101001101
10011110111110011001
10111100100110100001
00000011111001001110
01000101101110111010
01011110010110101100
00100111010100111010
11000011101110100000
11011110011011000000
00111111001001111110
10011100001100101011
11011000001101000001
00111110100010011001
10000100110000000000
01001001101011100001
01101101111110100001
10000110101010101010
00011000001100100100
01001001000111011001
10101100001001000101
00011110101100100000
10101010010011100000
00011100101101001011
11001000101101110110
00111011001010010000
01010101110100110011
00101001101011010100
10000111101100001011
11011000000001101010
10001000001111001010
00110011110101000111
11000111000001101100
11101100000001100001
00100001001010110000
10111011011000010111
11100010000000111110
00010111011010001000
00001110100011110101
10011111110110000000
11001010110110011010
01100010100111100111
01000111100000010110
10110110000000111010
11101000010100001101
10101111101100000000
00110111101111011011
00000110010001101111
00010111000100100000
11001010111100011100
00111000001010000111
11001010010011110011
11101110100001101001
10101111000100101011
00000101110110100100
10101011111100000010
11000111101001001101
11000110100001001011
00000100000011111011
11110001110000010100
01000110101101001111
10110110110100010111
11001111010111100000
10110110111001011101
00110001110000010111
10000010110111111001
10000000011111011011
11011110001010001010
10011010001011111001
10100110010110011110
00000011010001010011
01011000010111100111
11001101000111100001
01110111011000101001
10000000000000011110
00010010100100000000
11001101101101010000
00000001000011100011
11001011011110010111
00000101000111100111
10100000011011100000
11110111001101000110
00000010100111010111
