01010000001110100110
11100110000001111010
00111001001101000000
11100110111100001110
11011110111001111111
01101111011010111001
10000010110111101010
11110111010001010111
00000001000011100010
11000011011101011011
10101010011000110010
01011001100010000000
00010001111101101000
11011000001100111010
11010011101111101011
00010010101100100000
11110100110001010111
11100001101011111011
11110101110000000100
11010101100111001100
11010100110111111110
10000010001000001011
11001011001111101000
01111110101011101001
01000011010110110100
00000011110111000001
01100000000000000001
10101111111100101011
01110010001111000100
01100110100010100000
11010111010111111100
11001011001001110011
11100101101000000011
01000010101000100001
01101000100010100011
11000110001010110111
01101110111101010011
00001000011101001010
00100000000100000010
11111101111000010001
01011101011000101001
11111010110100101011
00001010010110010000
01001110010101010111
10000111101011001000
10000001001100000000
01110111111011011010
01111101110110011011
11101010110111111011
10100011011010000111
00111111101110101110
11100000100101000000
11011100011111011011
10101101110100100001
11000100110011101101
01000001100010011000
00011111111100101111
00100100111000011001
10011011110111111110
00010011000000100000
00100100100100000001
01001100011010010000
11111111000000101100
01001011000110111001
11011110000111010111
11111101101111010101
00001100001111110001
00100110110000111111
11100101110010111011
11000110110111001101
01100101001101110111
10010111000001100000
11000011100001111011
10000111110100011110
01111101010111010110
00010011000001000000
00100101101000100010
10000000110010111110
01100011001110100000
00000000000001000001
11100000010101000110
10110010000001001000
00001111011010010010
10001010110001011011
10001101000101111101
11010001001011000100
01000101101111001101
11101010001101111101
00111110001011010100
10011110010001110101
11001000110100000100
01001111001000100100
10000001001010001101
01101110000010110101
00111100100001111010
11100010101000000010
00111100101010100110
00000001110011001000
11100111101001111111
10001011101001101010
00100011000001000000
11010101010000101110
01110111000111101011
01011001101101100001
01101100010000010111
11100110101110010101
01111101100111101101
10001100000000000101
10010010101111111110
00011111110111110111
11000101000100101111
11100011111000000000
01111011101001101011
00000101000100001111
11011101111011101011
11101110000110110101
00001111111000100011
01100110110000001001
11110001110010011101
00011101100000001001
01010001010111101101
10000100110000011111
11010100111001111000
00011111110110000100
10011001111100100001
01011110111101111001
10011000100001111111
10101010011111101011
01100111010000001001
10111110111001011011
01001011011001011110
11100000000100000001
00010000100010100100
10101010000000111111
01101101000000000100
01011001101011111101
01001101001111101100
11101001001001000011
10110100101110100101
10111000001000101100
01111111010111000001
01011101011111111111
11110100001101000111
00000011110011100100
10101111001100101101
01111010001001010100
11100000010000001000
01111101111001011110
00111010010000001111
01110010110100110101
10011101111100010011
10110010110111011110
11011111101101111100
00101001000011100110
11101010000010000111
10100010000011111000
00000010000001001011
11010100011111111111
01111011001000110101
00111110101111111111
01101100111110100110
00000101010000111111
11011101110101111001
01101100100010000010
00110111000000110100
01111110110000011010
11111100011101001111
11000010010110101110
10011110000011011111
01100011011110111010
10011101110000000010
11001101110000011110
10110111000111111010
00110111110011010011
01110011001111000110
00100110000100100100
00011100100111011100
01110100010000001111
11111100111111001111
00011111010100001101
01001000101010010000
00100100000101001100
01001111101110110111
00110001101101010000
00100000110000010000
00111011011111110011
11001110010000010101
00011011001111001000
00000010011010110000
11110001101111110000
01111110111100001001
01111001110111010000
11111110111111111111
11101010111000010110
00101010100010000100
10111001101111110011
01001010010001010111
01111101101010100001
10000000001000010101
10110101011111111111
10001000111000011111
10001001001011010000
11110111100001100111
10010100000000101100
11101001001110011001
01110110100010000001
11111100110100110101
00000000010000010101
00101111001000101000
00010110010011001001
11010110011011011101
11010010011100001101
01011010111101101111
00010000000110101110
10011000101011000000
11101111111101111101
01011010001001110101
01110110000110110001
11011011101111010001
11010101101010001000
00010001111000110011
11111001000110101110
00000011011001010001
10100110011100011111
00011101001101010110
00111100000010010010
00001110010110111110
01110110001110100001
10110110010110111111
10000101001111111101
00111100101110011101
01101111111111000111
01010001100111111110
01011000001111010100
00000000000010111111
10000000011100001110
10001110011110010101
00100101100000000010
00011000010010001101
00001001001110101001
11010101100111100100
01000000000110100000
10011101110001011101
00010100101010000000
01000110111001011000
11101111011111010000
00011001101111100001
10000111100010101011
01111010111011011110
10100000010000010101
01100101000001000000
10110111110000101011
00110110111011000100
11101110010110111011
10010110010000101000
10011010111110010010
01111011111111111100
11110110010101000001
01110011110100010110
10000010011110011110
00001100101001011101
00101010001110000000
10111110011011111011
00110010111001010010
01110100101001010100
01110010000001000111
00100000000011011001
11111001101001001100
10010010101011101000
00100111111000101010
10110110110000000111
01101110101110110110
01000101010011001011
00110000000000000010
11111011101111110111
00000000000000001000
01010011100000011010
10000001101010110001
01000001000011000000
11001000010011110111
11011001001111111101
00001001001000001110
00111001000100111000
01011000010111100100
10110001110011111010
00100011000010001010
01111101101111011110
00010100111100001010
01111101011101011000
11111011110011111010
01001111100000010111
11100101001111000101
10000010101110000100
00100000100011010010
00010111110111101010
01011100101000110110
01011110010011111000
00001001101111010010
11110111001000110111
01011000000011000011
00111101100001011110
01011101001001000001
00000100100000000101
00011101111000000100
10111010011100100010
01111000011101110000
01100010100001011010
00010010111110000000
00101101000101010100
10011111111100111110
01000010001100000000
10000100010000011010
10010110000000011100
10111000111100101111
01101010100110100011
00000000011111001000
00001011111000101100
10111001001101011010
11110101111011111100
01111101101111100101
01011100001100001111
11011101110011000011
11000011001110110000
11000110101000001011
10100101001000000011
00110000011001100111
11111100000100011001
00011100111101110011
00110101101010001100
11100011000100000111
01100011110111100110
10001111100011111110
10111100011111011101
11010011111100101000
01100011101000111000
01111000010000010001
00000100111000101001
00111000001110010100
01011111111110110110
10011110011101000111
11100111111110111011
01111101101101100100
10001010001101111100
11111001101001110000
01110011101010000101
00011110010000110100
11110111110001011110
01100110000010110101
01101001111001010101
00111100011101110010
11011010010110000111
10010001000011100001
10001001001001000000
10000101111110101011
00000110010100101000
10000010110100001111
11111111001100001100
01010000100101100011
01000101000000000100
10101010000100011111
11001110011010100001
11010001001001001101
10001110001100100010
10100010000111000011
00011010100001000100
11010001000011111110
10111011011110100001
01101010010100110011
01010001110010011000
11000111100111101110
01100010111100111010
10100011111001110101
10101110000000111010
11111111100101111111
11110101111100000100
00101001110100111000
01011100101111111001
01010110010011000010
01111010010001011110
10000100000110110001
11101010110100101110
11111101100100111110
10100011110010001010
11010000000001000011
00000110000110111010
10111011111111111011
00111100010100101110
11001000011100010111
10011110101110001100
01000111010001010000
10011110111110111100
10010111110111110100
00000101101001001101
01100010010110010001
01101111011011001111
01111010100000110111
10000110000111010101
11111101110010000111
10010001110101010000
11110111110001111101
11000000100100000001
10101011101011010001
11110001110101101000
10100110000100101100
01010011010011110011
00100011110011110001
11100010100010010111
00110010110101000110
01011011111100110100
11111101110110101001
01100111000011001111
11111110100110011100
01111101001001100010
00100100001111000101
01010010000010101100
00000010111011001011
11100111010010001110
11011111010001011111
10011111001101010101
10011001101001000000
11010011111001101101
01010100110000111001
10110111011111011000
01100011010100101011
01101000010000101011
10000010111001111000
10001000111111000110
00110111110001101110
11010010011111010000
11100101111001000111
10111000010011110011
10001101001001111011
11110111110011000110
00010100001111010001
11010110110100011111
01010100101001101111
11110011001111000000
01100110111010001100
10000111000000010010
11111111111011010111
01111111111100000011
11110111111001110010
10111111101111100001
01010101110000011111
11101111000110100010
00010111111100001101
11110101111111101010
00001010000100100111
10001000001100101010
00000110100000001000
01010010000110010010
11110101111101010101
00101010101011101000
10000100100001001001
11101010101100000101
00010001110111100110
00100001111111101010
10101000001111000110
11101001111001111011
00011001101110101000
11010101001001110001
00010001111011111101
00010111100000101001
11000100000000011101
11001001001000101011
01010000100001000010
10001010101011110010
10011001010111000000
01100110010000010001
10001101001001010000
01100111011010000111
10101100110001111111
00011100101101001000
11111010111101000011
01101001011011101011
01100110010110001001
10101101011100110101
01100110110110010111
00000100000001101010
01101001101111010101
10100110010110011110
11110111110000011111
01110100100100001110
00010101001110001110
10101010011110110010
00111010100010110011
11011010001101000111
10100111000010110011
00000000111000011001
11000111011001011000
11111100101100011010
01100010110011111000
10100001000100101110
00101110011100101010
01100100000011010111
01110010100001010010
11011110111011011100
00110111101111101110
00101001001001100001
11101011111110100000
11000110010101010001
00110100010001011011
10011010000000111110
01011101111001001101
01100111001100101111
01110111111001010111
00100100111100000001
10100110111000001100
11010011111111111111
11101001101111100011
11011111100111011001
00001100000100010000
01010011000111011100
01110010010101000111
01001110000011000001
01101100000000000000
10100111001001000000
00110011001110000000
11000011111011101011
00000001100010010000
11000001011001000111
10100101000100101101
00000000100000011100
10001001100010100000
00111110000110011100
01100011000001010101
01101010000101000001
00110100100111110001
10111111101111100111
00110100010100111101
10110101001000111100
00100100011110101000
01110001101001100010
11001011010001111001
11111111110011101111
00000010011110100101
00000100110000111110
11110110100110011111
01110011111101001111
01111010011100110010
01001001101000011011
11111011101100101111
11001111100011111010
01001110111100101011
00111101011010101101
10011000001100101100
11011111111111000111
10001011001011110000
11100100001101101100
00000111001110111100
01110101101111101110
10100101110010101101
01101000100010010001
11001110010101110101
10001101110111001110
11101011101001000000
11100110011110100001
10100000000110110000
10101010010111010110
01001000001100100001
00010110110110011110
01110010000010000010
11111100101010111110
11101111001001111000
11000110111110011110
00001010010000010010
01000100001001000001
01000000101000111111
01000000110101111110
00100010110110100011
00010001000000101000
00001100000111000000
00000011001001100000
11101110011011110010
00101010101010010000
10001100000000010001
00110011111111010011
11111001101001101111
11110010001110010110
10010000101011010010
10000111100001110011
01000011010100110101
11000011100110101110
00010010111111011111
10110010000110101100
01111011010101111101
00110100110100010000
11000010100000001101
00000100000000000001
01011100011001011101
10100010000111010011
10101000100010000110
00110111000011101001
11000001101010010010
01100001100010101010
11001010010110110011
11000110101010000111
01011100010000011101
11000101110100101000
00101100001011111100
00111111111110101000
11110100000100001101
00011100010011101101
00101001101011000010
00001111111101110101
00001101110010011100
01110110110011111101
01101010110110111100
01000010110111000010
01111111101110101110
00011101010000101100
11011001100011110110
00111101000010001001
00001000000100100000
10011111011001000100
01100101100000100111
01100101100010101011
11101110110110010001
01001010111110111101
00001100000000000000
11101110111100101111
00111100011000111111
11011000111110111010
10101101111011010010
01111111011100101111
01011000001000001000
11010001101111101001
00001001100111111000
11110110111100010101
11001011101110010011
11111010010110101010
01011111101001111010
10111100111111110111
01110000000011111011
01101111010001111111
10100001011100100110
00010000110001001000
01011001111001001011
11000101011111111010
10100111110001110111
00011010010101011000
10010101110101111101
01010010100111000010
10000101000011000001
00111101110001011100
10010000110000010011
01110111001110001010
00110011101001110000
11011111101111110111
10010111010011011111
11001011111110100001
10010010110001010000
10010000000011110000
10000011001100010000
00011010110101101011
11111101111111111111
10101101111101110000
01100101110010001110
10001011001010110011
11110010100100000100
11111100000101011111
00111110100110100101
11010010000110101101
10110111100111111011
01100111111011010001
00110000110000001010
00111111101100101001
00000001110101000001
11001011000000010111
00110001101001110111
10010011000011111000
01011011111001111111
10111010110111011110
01000100111000011110
11001011010001110000
11010101010000011100
00111111101011010111
01111001000001010111
10001101101110001000
00111100011100111101
11011011000011010111
10110010101010001110
11110011001101110011
00000110111011000110
11100010001000001110
10011101001111100000
00111011111011000000
11011111111101011010
10010000100110000100
00100100100100011110
10000101010001111101
01000010110010010101
01100001001110111000
11110110101011111101
11110001000011110101
01000101010010110111
00100111110110110101
10100101100110100110
10000001001010000100
00110000000001010101
11101000110101111110
11111010001111000011
11100100001001100001
01111000001000010001
01010101000001100000
00110101100110011010
11010100001001101001
10011010110100010100
01000101010001111001
11100111100010100111
00111100100111110111
01000001101101001101
11110000010111001110
11111101011111111101
11000011011011110000
11100111111110101011
00110111011101010110
00010111010000000100
01001010111010010011
11010100000000011000
10001010111000010010
00011010000110011000
00010001000000111110
10010100011100001110
01101101111011111111
00110001111111110110
11110011100101111101
10000101111110011001
00000001100100010000
11110111111011010110
00010000100011000011
00100010101111110010
00110100110000000000
01101111101001010010
01110111110001111110
11101101111100011001
00110010010011001100
11101111111001110011
10001101010100111111
11111111000010101101
00000100010111001001
10011000111110110000
01111110010110010101
11000001010000000110
01011001111001010010
10011100000110110100
10000110101110101100
01011001110001010101
00101001011110100000
00000001100001110110
11011111000011101111
10100111001001111110
01110110001011010101
10100101011001000101
01110111100000110101
11110010000011010000
01111011110110111110
01100110110000000000
10001100010011001000
10001000100000001100
11001000001010110111
11001000000000110101
01001101010011000111
01111010110110010000
01110001111011001110
01000111100011000000
01101000101101001011
11111101110010101101
11100001100010110000
10000001110010010000
11110100001100101011
11111010000111000101
00101110111110001000
10011110001111111111
10110111000010101011
01100010000000000100
10011100000111100001
00110100101111001110
00101110011110001000
10011000001001010010
10001110001100001001
11011011101010010111
11000011111111111011
11110010100101010011
11011111100110111011
10000000100110000101
01000111000001010110
01011011110001010011
01101010000010011101
11101111101000100001
00100111010111000001
01001011110101000110
01111100111110010000
11101010000110110000
00011010101100011000
10110011111111010000
11100010011000010111
00000010010110000100
01101111000111110010
00000010000001000011
01011000110011011110
10010010010101011001
10010010010000001001
10000011110100000011
10000000100000010011
11110011111100101010
01100011001111000110
00101000100011010000
11000111001011001100
01000101100000110001
11010111110110110011
10100111011100101110
11111011011110111000
11110111110000011001
11111011111110010111
01011011110110001101
11101001101101111110
10111010111100001110
00000111010011101011
11011001001100110100
11110110110111000001
01111111000100110101
00000101001110000110
00101001000000100010
11101111111100111111
10000011010100001001
01001011110110111111
01000010010010111110
00011110010000011010
00100110001111011010
11010110111110111111
01000011010001000000
01110100100011000001
11001011110101100001
00010111100111000010
11000000000000000101
10000011110110101000
01011001110101110100
01100101010110010111
00110100000100011111
01011000100011111001
10001001000101101010
11000100110100111011
11111110111100000111
11010001001011110101
11011111111101011111
11001001111101111000
10001101001000111111
10011100001001000100
11101011111000101001
00010110011010010110
00000001110010100110
11110100000110110101
00010000111110111100
01001110110011000101
00101011111001110001
01010111111011011010
11011111100111011010
11101101111011100111
01111001000111100011
01101101100111011011
01101111111111011111
11111111011100111111
10010111010101010101
01111010001110111111
11000101001000101110
00010011100100000000
01100101000011010101
00000011000101000010
11011011011000101001
01001110000001010110
10101010110111110101
11010011101011101111
00100111110111110000
11001001111001000001
00011010101101010110
00010000000101100000
10000001001010000110
00100110000110111010
10011111111111010000
10011001000001101001
10000101110000101001
00000000000000001010
11111100001101011110
10111000101100011111
11110111011001010101
11110111111111101100
11001110111000001101
01100111011001000000
00000010000000100100
10011001000111101000
00101110011000010110
11100111111001001110
10000010001100010101
00000100011000000000
00000000000100000001
10111100101110100111
01110001001111111000
01011111111100011110
00001100110000011101
11101110100001010011
11000111111011011010
10100001101101000101
00100111010110010001
01000101010110010001
11100111000111001010
11010111111101001110
11011011111110111011
11011101000111100000
01100010101001000000
00011101001110111101
11110111110011101101
00110010000100010011
10011010011001010001
11100011001111010010
00101101001110011111
10011001110011111000
11111111110010000101
01110011011110000001
11101111000110110101
11101111111101111000
01001011100000111010
00000110010111001000
00010000100000011000
10000000101000100111
11100101100110001010
10011111111111110110
10011101011100111011
01110111101111010111
11101000000011111001
01001111110010011101
10100101111110101111
10000100000000000001
00000100010100101001
00000001011000111001
11011001110001100100
10101001101101010010
11110111111110110110
00000100111010011010
01110010001110010010
10011000111000000010
11010000010001010100
00100011111111100010
00111010110110000110
00000101101010111011
11100010110000101010
00001100110001010000
01100110100011110101
00000000000010000000
11011010101011111110
01011101000010110011
01111101101010000011
11001101011001011111
01100010010010101011
10000011010000010110
00011100000000010110
10010001110000101100
01001011110010110101
00110111110011111011
10001110100100101000
10010000101011011100
11000111010001111000
00110000110011001111
00001000000111011100
11010110001001011011
10011001111110110100
11001100010100000011
00000000001000000000
01100110110010111011
00100110010000001000
00101000100100011101
10101101100000101000
01000101010010110000
01111111011000111010
00001100010011010100
11000010110011010000
10100110110110101100
11011100010001110001
11110110010111010011
01111111101110101000
00100000010010011010
01101011000100100000
01111101001110011000
10011111110111011101
11001111001110010011
00000100011001001000
00110010101111100111
11100011011001011110
01100001011101011111
11111111101011111101
00011101111101000110
11011001101000101101
11111000010000101001
01111011111100111111
01001000110000111010
10100111000011100000
01110100001001000010
01010001101001000000
10000110100100101010
01011111111011010111
